111
303
89
89
89
57
74
99
87
104
111
167
57
121
48
104
111
106
151
126
115
63
111
127
223
135
283
43
43
251
219
229
181
161
67
95
148
113
89
90
100
96
55
119
139
111
122
66
135
94
233
111
117
146
167
131
137
111
78
75
177
111
92
159
131
244
149
207
123
359
176
87
111
71
119
159
111
187
107
127
79
116
125
91
147
167
197
159
155
131
199
272
150
103
123
43
68
76
89
89
89
102
98
132
105
105
111
132
96
121
87
117
98
84
122
135
132
95
89
130
87
89
144
145
159
153
112
146
95
49
127
127
144
97
153
101
109
222
95
146
311
132
219
220
159
104
91
113
128
169
167
187
171
153
153
335
167
104
146
97
105
149
112
119
89
111
113
115
115
127
125
111
159
113
150
139
241
121
155
171
155
111
73
95
133
167
107
232
257
191
173
139
75
143
191
265
87
85
163
239
119
332
253
169
163
107
111
51
111
70
55
94
57
77
89
104
105
125
114
90
119
143
127
127
122
146
167
271
241
97
119
120
127
112
118
111
139
116
79
87
111
64
223
191
163
126
51
111
91
89
65
119
132
83
127
88
121
111
112
89
112
92
91
153
156
83
123
219
159
132
63
143
195
174
188
157
223
155
110
223
159
163
145
105
195
119
207
155
197
87
179
167
363
151
119
106
89
89
89
89
110
104
112
207
65
119
97
104
136
179
57
115
91
99
135
101
111
109
101
175
87
87
189
83
104
101
63
95
72
110
153
146
223
130
114
146
70
94
111
175
139
219
101
87
111
83
111
87
111
102
87
107
132
196
147
127
171
60
237
219
313
75
74
97
88
76
127
84
131
99
99
71
87
81
171
87
111
111
130
87
91
87
177
129
179
113
87
79
87
119
111
245
157
97
83
111
112
111
150
89
93
83
0
255
255
214
251
84
43
92
89
81
95
88
153
159
191
111
111
112
112
133
105
103
139
126
203
137
160
223
113
127
90
75
83
215
80
87
107
363
135
60
128
223
84
111
88
77
144
219
119
263
265
79
161
199
195
87
115
111
95
104
155
89
176
109
111
111
137
112
199
177
89
134
167
99
155
237
265
193
263
263
190
151
160
167
126
255
243
125
221
131
169
133
293
111
419
127
175
155
391
219
255
59
89
69
69
107
117
107
97
87
195
119
116
111
73
88
159
228
55
112
79
89
87
167
89
84
151
196
111
270
139
146
239
103
215
231
131
153
167
198
199
111
137
195
119
143
240
238
197
107
155
255
175
125
74
226
219
97
103
111
111
98
109
221
263
111
142
219
253
111
110
307
111
87
181
91
223
95
189
87
0
125
132
221
283
223
147
652
131
239
83
299
157
215
90
68
135
111
111
127
116
95
188
90
64
119
97
105
114
99
175
104
109
127
167
97
95
63
87
111
159
131
35
146
99
63
122
119
139
115
119
170
195
232
219
95
84
109
111
119
151
111
167
244
103
215
100
153
70
88
191
167
159
95
167
247
195
187
283
355
181
241
133
357
178
0
104
58
82
66
43
97
104
64
104
120
111
169
119
145
85
117
74
47
171
89
95
88
111
97
97
196
127
187
239
169
207
179
195
187
63
183
73
89
150
151
119
76
119
146
144
175
119
111
75
175
188
114
104
145
106
109
87
95
87
107
223
190
111
271
101
175
237
167
223
185
185
217
137
155
193
135
99
143
141
151
161
141
163
147
103
109
131
89
119
225
237
165
206
126
63
95
215
113
104
91
89
90
71
119
104
104
127
107
111
83
87
144
112
125
89
76
108
97
117
119
89
351
87
217
223
80
113
153
223
159
87
119
77
305
79
127
159
115
87
140
111
97
97
97
111
171
207
163
113
107
127
127
155
119
209
215
173
201
207
104
73
189
149
223